name: pencil-landing-simulator
channels:
  - conda-forge
  - defaults
dependencies:
  - absl-py=1.0.0=pyhd8ed1ab_0
  - astor=0.8.1=pyh9f0ad1d_0
  - ca-certificates=2021.10.8=h5b45459_0
  - cached-property=1.5.2=hd8ed1ab_1
  - cached_property=1.5.2=pyha770c72_1
  - certifi=2021.5.30=py36ha15d459_0
  - cloudpickle=1.6.0=py_0
  - dataclasses=0.8=pyh787bdff_2
  - ffmpeg=4.3.1=ha925a31_0
  - freetype=2.10.4=h546665d_1
  - future=0.18.2=py36ha15d459_3
  - gast=0.5.3=pyhd8ed1ab_0
  - google-pasta=0.2.0=pyh8c360ce_0
  - grpcio=1.38.1=py36h4374274_0
  - gym=0.19.0=py36h5098b23_0
  - h5py=3.1.0=nompi_py36hf359dfe_100
  - hdf5=1.10.6=nompi_h5268f04_1114
  - importlib-metadata=4.8.1=py36ha15d459_0
  - intel-openmp=2022.0.0=h57928b3_3663
  - keras=2.3.1=py36h21ff451_0
  - keras-applications=1.0.8=py_1
  - keras-preprocessing=1.1.2=pyhd8ed1ab_0
  - krb5=1.19.2=h20d022d_3
  - libblas=3.9.0=12_win64_mkl
  - libcblas=3.9.0=12_win64_mkl
  - libcurl=7.81.0=h789b8ee_0
  - libgpuarray=0.7.6=h8ffe710_1003
  - liblapack=3.9.0=12_win64_mkl
  - libpng=1.6.37=h1d00b33_2
  - libprotobuf=3.18.0=h7755175_1
  - libssh2=1.10.0=h680486a_2
  - libzlib=1.2.11=h8ffe710_1013
  - m2w64-gcc-libgfortran=5.3.0=6
  - m2w64-gcc-libs=5.3.0=7
  - m2w64-gcc-libs-core=5.3.0=7
  - m2w64-gmp=6.1.0=2
  - m2w64-libwinpthread-git=5.0.0.4634.697f757=2
  - mako=1.1.6=pyhd8ed1ab_0
  - markdown=3.3.6=pyhd8ed1ab_0
  - markupsafe=2.0.1=py36h68aa20f_0
  - mkl=2021.4.0=h0e2418a_729
  - msys2-conda-epoch=20160418=1
  - numpy=1.19.5=py36h4b40d73_2
  - openssl=1.1.1l=h8ffe710_0
  - pip=21.3.1=pyhd8ed1ab_0
  - protobuf=3.18.0=py36he2d232f_0
  - pyglet=1.5.16=py36ha15d459_0
  - pygpu=0.7.6=py36h6434af4_1002
  - pyreadline=2.1=py36ha15d459_1004
  - python=3.6.0=2
  - python_abi=3.6=2_cp36m
  - pyyaml=5.4.1=py36h68aa20f_1
  - scipy=1.5.3=py36h27d303f_1
  - setuptools=45.2.0=py36_0
  - six=1.16.0=pyh6c4a22f_0
  - sqlite=3.37.0=h8ffe710_0
  - tbb=2021.5.0=h2d74725_0
  - tensorboard=1.14.0=py36_0
  - tensorflow=1.14.0=h39a9291_0
  - tensorflow-base=1.14.0=py36h9f0ad1d_0
  - tensorflow-estimator=1.14.0=py36h5ca1d4c_0
  - termcolor=1.1.0=py_2
  - theano=1.0.5=py36he2d232f_1
  - tk=8.6.11=h8ffe710_1
  - typing_extensions=4.0.1=pyha770c72_0
  - tzdata=2021e=he74cb21_0
  - ucrt=10.0.20348.0=h57928b3_0
  - vc=14.2=hb210afc_6
  - vs2015_runtime=14.29.30037=h902a5da_6
  - vs2017_win-64=19.16.27033=hb90652a_6
  - vswhere=2.8.4=h57928b3_0
  - werkzeug=2.0.1=pyhd8ed1ab_0
  - wheel=0.37.1=pyhd8ed1ab_0
  - wincertstore=0.2=py36_1003
  - wrapt=1.13.1=py36h68aa20f_0
  - yaml=0.2.5=h8ffe710_2
  - zipp=3.7.0=pyhd8ed1ab_0
  - zlib=1.2.11=h8ffe710_1013
  - pip:
    - pygame==2.1.2
prefix: C:\Users\edgor\anaconda3\envs\pencil-landing-simulator
